bcOrange <- "#BD6121"
bcGreen <- "#818431"

kc_discrete_palette <- c("#7C9034", "#DF7D46", "#9E785D", "#325C82", "#677EBE", "#E4ECFC",  "#EDE5D7", "#88D8FB", "#B8C3CE", "#D6A537")